W
128 44
127 31 2 -20 127 52 87 -73 -10 63 1 127 116 -31 -77 3 -53 3 -2 -5 -3 20 13 -2 127 0 -61 40 -1 127 0 -10 -100 10 63 13 -29 -46 0 2 -3 -5 -127 48
127 127 7 -127 127 119 127 -127 127 -43 9 127 47 -127 -48 106 -21 3 0 12 -5 69 127 -127 127 -127 -127 127 -127 127 3 127 -127 -78 -127 -127 -127 -48 0 2 -2 4 127 -117
-127 -127 -127 127 -127 127 -127 -127 127 -127 -9 -127 -127 -127 -127 106 -70 -1 2 -28 47 -127 -127 127 -127 127 127 -127 -89 127 -3 127 127 77 -90 59 -127 97 1 1 4 -21 -47 -127
127 -126 -127 -27 127 -127 -127 127 -127 -127 5 90 -127 127 -127 127 -127 5 0 -2 34 127 127 -14 127 -102 127 -127 -127 -127 1 127 43 127 -127 -127 -127 -127 -1 -2 14 -10 127 127
127 127 127 -127 127 6 -127 33 -127 -127 -12 127 -127 -75 -127 -88 -5 2 -3 -5 -21 -127 127 127 -127 127 -127 -127 -127 -127 -1 127 127 -110 41 127 75 127 1 10 2 55 123 -127
127 -127 127 127 127 -127 -127 127 127 127 11 127 -127 127 127 127 127 -6 -9 -25 -39 -127 44 -127 127 122 127 -127 -127 127 -11 127 111 -127 127 -127 127 -127 -2 -2 13 37 -127 127
-127 -127 -127 127 127 127 -127 127 127 -58 25 127 -40 -48 -127 127 -81 -3 1 4 -40 -127 -31 127 127 127 107 -127 127 127 4 127 127 -127 -127 -98 -127 -127 -2 -3 -4 60 127 127
-127 -127 -127 -127 31 127 127 -127 -127 -68 -7 127 80 -123 127 65 127 -3 -5 13 -19 -127 127 127 127 -127 -127 127 -127 -95 -1 127 127 -127 127 127 127 127 2 7 -1 25 89 -21
-127 -127 -127 119 -127 127 127 -127 127 127 -4 127 36 -102 -45 -79 70 6 -3 4 35 -127 -48 73 104 127 127 -127 127 127 -8 -127 -127 127 127 -23 30 -61 -3 -2 16 -6 -127 -127
127 127 -127 127 -127 -30 45 -127 127 -127 -14 127 -127 127 127 127 21 -1 -3 12 6 -127 -127 -42 80 -127 -127 127 127 127 4 63 -127 -127 127 127 127 127 2 8 1 28 127 127
127 127 -126 -127 -127 -114 -127 -127 -127 27 2 -127 127 127 -127 127 -127 -2 5 9 42 127 127 127 127 -127 -127 127 -127 -127 4 -115 127 -127 -127 -87 -127 92 2 1 -6 -47 127 127
127 -35 95 127 -127 120 127 -38 127 102 9 127 -41 -8 127 -79 88 4 1 9 5 -127 -127 -127 -127 127 127 -127 127 127 0 127 -127 -127 21 -127 11 -94 0 0 -4 -33 -127 127
127 127 -52 -127 127 -127 127 60 127 -10 -24 127 -127 -104 -116 59 -114 3 -1 7 9 -127 127 127 127 35 -127 127 127 127 -1 9 127 -127 29 -118 -14 -127 -3 4 -1 8 -127 -127
-127 -127 -74 127 -127 -127 127 -127 127 127 -3 127 127 127 127 127 127 -2 0 5 -45 127 127 13 -127 -127 127 -127 127 127 7 127 -127 -127 127 127 127 127 -1 0 7 13 -61 77
127 -127 127 -127 -127 127 127 -127 -127 79 25 127 -127 -107 116 -127 98 5 -1 -14 -21 -127 127 -127 -127 -127 -127 -114 -96 127 -4 127 -127 -127 27 -127 -32 -30 -2 -2 7 -9 127 127
-127 -127 -127 41 127 127 127 -89 127 41 -1 -28 111 63 -39 -115 -4 -1 -4 -13 -15 -127 29 -127 127 -40 -43 -127 127 -127 -1 -127 127 127 41 127 65 127 1 0 -8 24 117 127
127 127 -127 -127 -127 -127 34 -127 127 -127 -24 -127 -127 -127 127 -127 127 2 1 -15 -25 127 127 127 -39 -127 127 -127 -127 127 -1 -127 -127 127 -127 -127 -127 -127 -1 7 -2 19 127 127
127 -127 -127 -127 -127 -127 -127 -127 -127 127 4 -127 127 127 -127 127 -127 2 3 -35 -15 -127 -127 127 -105 -127 -127 -127 127 -127 -1 127 -127 -127 127 102 127 127 1 3 -7 -41 127 127
-127 127 127 -127 -127 127 127 127 127 107 13 127 127 104 -127 -127 -127 1 -1 8 26 -127 -127 127 -127 127 127 127 127 -127 -5 41 -127 32 -127 43 -37 -127 0 1 12 46 29 -127
127 127 19 127 -127 127 127 -127 52 127 -9 127 -100 127 127 127 127 -2 3 24 -10 -127 127 -127 127 127 -127 127 127 127 2 -127 -127 -127 127 127 127 127 3 -6 -2 -75 -127 127
127 -32 52 51 -127 -74 -127 -99 -127 -29 10 -105 -96 -8 -2 127 9 0 -2 -3 15 -127 61 -127 127 -127 -52 127 127 -127 -2 -110 -127 127 -12 -90 4 -82 1 2 2 33 -28 127
-127 -127 -127 -127 127 -127 127 -127 -127 -127 -10 -127 -127 127 127 127 127 10 -2 11 -17 -127 -127 118 127 -127 127 -127 56 -127 1 127 127 -127 -127 -127 -127 -127 1 6 4 47 -127 127
-127 127 -43 127 -127 127 4 -127 -127 -127 -7 -127 127 -8 -127 127 -127 0 0 37 7 -127 -13 -7 -127 127 -62 -127 127 127 -6 127 81 -127 127 127 127 127 -2 6 5 -126 127 -127
127 -40 22 -127 127 -127 -127 127 -127 -19 -8 -127 -127 -34 -127 127 -127 -5 -6 6 1 127 -55 65 127 -127 127 108 127 -127 1 -127 -127 -127 -127 -76 -127 -127 1 -5 3 -4 127 127
127 127 -83 127 -127 127 -127 -127 -127 20 11 -127 127 -127 -127 -127 -127 -4 2 2 19 127 -118 127 127 127 -127 -127 -127 -127 -2 -127 -127 127 127 -127 127 -127 -3 6 -11 57 -127 -127
-127 67 58 -127 -127 -127 127 -127 -112 127 -11 127 127 -127 -28 -127 -122 -2 0 -14 -10 -127 -64 -4 24 -84 20 -127 127 88 0 58 -127 127 -16 127 57 127 -1 -3 1 38 -127 -127
-127 -89 97 127 127 -127 -127 -127 -127 127 0 127 127 127 127 127 -95 1 0 -24 -9 -127 127 -127 127 127 -127 -127 -127 -127 -4 -85 127 96 114 -30 -84 -24 2 8 -4 -3 127 127
-127 127 -127 127 -127 127 -127 -127 -110 127 -14 -127 127 127 -127 127 -127 -1 5 9 35 127 127 70 -46 127 127 127 16 -127 10 127 127 127 -127 -127 -127 -127 3 8 -20 127 -127 -127
127 41 17 127 -127 127 127 127 127 -127 -4 -127 -127 -127 127 -127 127 -3 -2 5 -20 -127 127 -28 127 127 -87 -127 -127 -127 -7 127 -127 108 -127 -127 -127 -127 -2 3 11 32 -127 127
-127 -127 -127 -127 127 -127 -127 -127 -43 127 -7 -127 127 127 127 127 127 1 1 -5 -38 127 -11 127 12 -127 -43 127 -127 -127 4 -127 127 127 127 127 96 27 0 4 9 -2 127 -70
127 127 127 -127 127 -32 -127 127 127 127 -16 127 -13 121 -127 -127 -66 1 3 22 8 -127 67 -54 127 127 31 127 -61 -127 -2 127 127 -127 115 -51 -10 -58 0 -2 3 13 -127 -127
127 127 -127 -127 -127 -51 -39 -127 127 127 -6 127 127 127 -127 127 -127 -7 -1 -27 13 -127 127 127 127 127 127 -127 127 127 -6 -127 127 127 127 127 127 127 3 7 -1 27 127 127
-127 127 -83 -127 127 -127 127 -127 -127 102 -5 127 127 127 -127 127 -127 -3 3 6 -10 127 -127 127 127 127 127 -127 -127 -127 1 127 127 127 -127 -127 -127 -127 -2 -1 6 -38 -127 127
127 87 127 -127 -127 54 60 -127 -127 -127 -6 -127 -106 -127 127 -127 127 -7 5 -10 -10 -127 46 -127 127 6 99 79 127 -127 9 127 -127 107 -43 127 -64 -35 0 3 -1 31 127 127
127 127 127 -127 127 -127 -127 -127 -127 51 7 127 -69 127 66 -93 76 -2 -2 4 -21 127 124 127 -127 -127 11 127 -127 127 -10 -127 127 127 127 -127 48 -127 -1 7 8 -113 57 -127
-127 -127 8 -127 127 127 127 127 127 -127 -9 127 -127 -127 -127 -127 -127 1 4 5 26 -127 -127 127 -127 127 127 -127 127 -127 -3 -56 127 -58 -103 -61 127 18 1 1 0 -60 -127 127
127 127 -94 127 127 -127 -127 127 127 -127 4 127 -108 68 -12 -71 127 -3 0 -10 11 -127 127 -127 -32 -127 -127 -127 -42 127 3 127 127 127 -29 127 127 114 0 3 2 -2 22 127
-127 127 127 -127 127 -127 -127 127 -127 127 16 127 -127 11 127 43 127 2 5 11 12 -127 -127 -100 -127 -127 127 127 127 -127 0 -127 96 127 127 127 127 127 0 -4 0 -7 -127 127
-127 -122 -34 -127 127 127 114 127 -12 127 -13 -127 114 127 122 127 127 -7 6 -49 -24 -127 127 -127 127 -18 -127 -127 127 -20 -5 -127 127 127 23 -127 70 -127 0 -6 -11 4 -127 127
-127 127 51 -127 -127 127 -127 -127 127 -39 9 127 -76 32 -50 127 15 -2 0 -2 2 -127 -127 0 -110 -32 127 112 93 -127 5 -127 -127 -13 -19 33 89 -8 0 5 -2 35 -114 127
-127 127 -127 -127 -127 -127 -89 104 -127 -127 1 -127 -127 -127 -22 80 -127 0 -4 14 7 -127 119 127 -127 -81 127 127 -127 -127 -2 -127 -19 127 4 127 -28 111 2 2 4 58 -127 -127
-127 -107 127 -127 127 127 127 -2 127 45 -7 127 96 -127 -127 -77 -103 4 -5 -5 -3 127 127 -127 127 -127 -127 -127 -127 127 4 127 127 -127 -41 -127 24 -127 2 -7 1 13 -88 127
-127 127 127 -127 56 -127 -127 -50 -127 101 3 127 127 127 98 75 127 -2 5 -19 36 -127 127 127 127 127 -127 127 127 -127 2 127 127 12 79 -114 99 -127 -1 -1 3 -45 15 -127
-127 -127 46 -127 -127 -127 127 -127 127 127 -1 -127 127 127 127 127 -39 -7 5 -10 -7 127 127 127 -127 127 127 127 127 127 3 -127 -127 127 -127 -127 -127 -127 -1 15 15 -5 -127 127
-127 -127 127 -54 -127 127 127 127 -127 0 -20 127 127 69 -7 75 56 0 -1 6 4 -127 -127 127 -127 127 127 -127 127 127 4 -127 127 127 -96 -93 -127 -15 1 -9 -4 52 40 127
-127 127 32 -127 127 -127 127 -127 127 127 1 -127 127 127 -127 127 -127 0 2 -1 -16 -127 -127 -69 127 -127 127 -127 127 -127 -3 127 -127 -127 -127 -127 -127 -127 -2 -1 2 8 -127 -127
127 -37 -8 127 32 71 49 -72 -127 62 3 -127 1 -127 -14 -47 -33 0 1 -1 -3 127 -60 -32 29 127 74 17 -127 -127 1 -42 -127 96 -84 -121 -32 -29 0 1 -1 15 -127 1
127 127 58 -97 127 -127 -107 116 127 127 25 -127 127 -127 5 -118 44 2 5 -1 -16 -127 -127 -89 127 -127 127 127 -127 127 4 -98 127 67 -91 -127 -127 -10 -1 8 2 -60 -22 127
-127 -67 127 -127 127 1 -127 127 -127 -127 12 127 -127 -127 -127 -127 -127 0 2 22 -55 -127 -127 -127 127 127 127 -127 127 127 -2 127 127 -127 -127 127 -127 127 2 -9 -1 -7 -127 -127
-127 127 127 -127 127 112 127 -127 -127 -27 28 127 -127 -127 -127 -81 -53 -2 3 1 11 -127 127 127 -127 -127 -127 -127 -127 -127 1 127 127 -102 56 -12 -5 127 1 3 3 3 127 127
-127 -127 -127 -127 -103 127 -127 -127 127 127 4 -127 127 127 127 127 127 0 -6 -13 -46 -127 127 53 -127 127 -127 127 127 127 -14 -127 127 127 -127 127 -72 127 -1 11 9 40 127 127
127 -127 127 -127 127 127 127 127 116 -9 2 -48 127 127 98 104 -59 -11 -3 7 -1 -127 -127 127 -127 -127 127 127 127 -127 4 -34 127 127 30 18 84 39 0 -4 -5 21 -127 127
127 70 -127 127 -127 127 -127 -127 127 -127 10 -127 -127 -127 -127 -127 127 1 2 11 -5 -127 104 27 -21 -127 52 -116 127 -36 -1 -54 -127 -127 -127 -127 -127 -88 0 2 -4 21 -8 22
-127 -127 127 -127 -127 127 127 -127 127 -14 4 127 80 -127 -56 -83 -64 -1 -6 8 7 -127 -127 -8 -127 -127 127 127 127 108 0 -106 -127 127 -21 -53 -33 -52 0 -6 -8 3 -91 -127
127 70 49 127 -127 127 -41 -127 -127 0 10 -127 -127 -127 -127 -127 -127 -6 -4 25 -19 127 127 80 127 127 111 -11 127 -127 4 122 127 -127 -127 -127 -127 -127 0 -15 -6 -40 -127 127
-127 -127 -127 -127 127 -127 127 -127 -127 65 21 127 127 -127 -127 -127 -109 3 13 -28 -11 -127 123 127 -127 127 -127 -127 127 -127 -3 68 127 127 70 -105 127 -99 -1 1 -5 5 -127 127
127 -127 73 127 127 127 127 -127 -127 -127 6 127 127 -127 -127 -127 -127 3 1 -9 60 127 127 -77 127 -127 -127 127 -127 127 2 127 43 127 127 127 127 127 1 -1 -2 -15 -127 -127
-127 127 127 -127 -73 -9 127 69 127 -127 6 127 -127 28 -91 -89 -30 0 0 -3 -11 -127 127 47 -127 -127 39 127 127 -127 2 101 127 39 -48 -26 -93 -115 0 -6 1 -18 -91 -127
-127 -127 -90 127 -127 127 -127 127 -23 -127 -4 -127 -127 127 -63 44 -127 0 -5 -7 3 -127 127 51 -127 127 -127 127 -127 127 -4 -127 127 127 -76 -49 15 -103 1 0 3 -38 -123 -127
-127 -127 -21 127 -127 -127 127 -127 127 -127 14 -127 -110 -127 -127 -127 -127 2 -1 17 -30 -127 24 80 127 127 -127 -127 -127 127 -4 -127 -127 127 -127 -127 -127 -127 -1 6 -14 -2 -127 -127
-20 -124 127 -127 127 127 -127 127 -127 28 8 127 -81 -127 127 22 109 9 1 28 -36 -127 -110 127 -127 -72 60 -127 127 127 3 113 127 -127 77 127 -15 127 2 0 -2 67 69 127
127 127 -127 127 -127 -127 127 -127 127 -108 6 -127 -127 -127 112 -127 61 1 -5 -33 -25 -127 127 -89 127 127 127 -127 -127 127 5 -127 127 127 41 127 123 127 0 -2 -8 -34 -127 -127
-127 127 127 127 -127 127 127 -127 -127 127 5 127 127 127 127 10 127 -3 -7 12 2 -127 -127 53 -127 -127 -127 -127 -127 127 4 -127 127 -127 127 127 127 127 1 12 6 -22 -26 -127
127 -127 -20 127 127 -127 127 -127 -127 -127 16 127 -114 -127 -127 -127 -127 4 -1 -8 -1 -127 -127 -45 -64 116 59 -127 -127 127 0 127 -127 127 127 127 127 127 1 -2 4 -55 127 -127
-127 127 -120 127 127 -127 -127 -127 127 -127 0 127 -127 -83 -12 127 56 4 -5 -21 11 -127 127 -127 127 127 -127 -127 -127 -127 3 127 127 -115 127 127 127 23 -3 8 -7 -1 113 -127
127 127 127 127 127 127 -97 127 127 -127 16 127 -127 -127 127 -127 127 -3 -10 33 -10 -127 127 -127 127 -127 -127 -127 -127 -127 -4 -127 127 127 127 127 127 127 -1 10 7 2 127 -127
-127 92 -26 -127 80 2 14 127 -127 57 7 -50 127 127 -127 127 -127 1 -6 12 -37 -127 127 -9 127 -127 127 -127 -127 -127 5 127 -127 -127 127 -127 127 -127 -1 6 -1 -45 -127 127
127 127 -127 -127 -127 127 -101 -127 127 -127 -12 -127 127 -127 127 -127 127 -6 -4 -12 10 127 -12 127 127 -127 -127 -127 -127 -127 3 -127 -127 -127 127 127 127 127 0 4 -6 -64 127 -127
127 -127 127 -127 104 127 127 127 127 127 3 127 127 127 127 127 127 -1 2 12 -1 -127 -127 127 -127 127 127 127 127 127 -9 -127 127 127 127 127 127 127 1 3 -5 7 -127 127
-127 -127 127 -127 127 127 -127 -127 -127 110 3 127 -108 93 -39 127 -97 -2 -4 5 6 -127 14 127 -127 -127 127 127 127 -127 -10 127 127 -51 -92 -127 -127 30 1 9 2 52 -40 127
-127 65 -127 127 -127 -127 127 127 65 -12 -2 -127 95 -84 -97 -112 35 -1 1 -1 -6 127 43 -69 22 127 127 -127 -127 127 6 -73 -127 127 -32 -80 -68 -49 1 -1 -7 -18 65 127
-127 -127 -28 -127 -127 -127 -127 -127 -127 -127 1 -127 127 127 127 127 127 -3 -8 -34 -15 127 -127 -6 127 24 127 -127 -127 127 5 -127 -127 -127 127 -127 127 -127 1 -16 -10 12 33 127
-127 -127 127 127 -127 127 127 127 -127 10 6 127 -43 -72 -106 -85 48 3 -8 10 -20 -127 41 -127 -86 127 127 -127 -127 127 1 -86 -127 -66 -127 -117 -81 29 -1 -6 14 -5 -68 -127
-127 -127 -6 -127 127 127 -127 127 116 127 14 -127 127 34 23 -71 -29 1 3 1 0 -127 -127 127 127 -127 127 -127 127 127 0 -78 127 127 -57 127 47 71 0 -1 -9 23 -127 -127
127 127 -79 127 -127 127 127 -127 -127 -127 13 -127 8 127 -127 127 -79 1 2 -4 -10 127 127 27 -87 127 127 127 -127 -127 -2 127 127 -127 127 -127 127 -127 0 14 2 8 -127 127
-127 -127 127 127 -127 127 -127 -127 127 127 -4 127 127 127 127 127 127 0 -5 4 7 -127 -119 -127 -127 127 127 127 127 40 6 34 -127 127 43 -29 -123 -24 1 -1 -6 2 -58 127
127 127 28 -115 127 127 -127 -127 127 73 0 -127 127 -127 127 -127 127 -3 -4 18 29 -127 -127 23 -127 127 127 -127 127 127 1 -127 5 127 -27 -127 127 -127 -3 2 6 37 -127 127
-127 -127 127 -127 127 127 127 -127 -127 127 10 127 121 -127 -71 -127 -43 1 3 -10 -11 -127 127 -127 127 -127 -127 127 90 127 -3 -127 -127 -127 -127 127 -110 127 -1 -5 3 -8 127 -127
127 -60 127 127 19 127 127 -127 -127 127 -8 -38 -127 127 -63 127 33 -2 -5 -22 -5 -127 67 48 -127 58 -127 -127 -127 -127 -2 97 -2 -127 88 127 14 17 1 6 -6 -22 127 -127
-127 118 26 70 127 -109 -127 127 127 127 14 -127 7 -127 -41 -127 12 -2 -2 30 -2 -127 -127 -127 127 -127 127 127 -127 -127 -8 127 127 62 -116 86 40 -85 0 4 5 24 -123 88
-127 -57 127 -127 -127 107 127 127 127 85 2 127 127 127 62 87 38 -4 0 3 -13 -127 -111 109 -127 127 127 127 127 -127 2 114 127 120 -127 -127 -42 -81 0 1 -2 -6 -127 127
127 -127 -7 127 -127 -127 127 -127 -127 127 8 -127 127 127 111 127 51 -5 -8 -4 -30 127 17 -59 127 127 127 127 127 -127 -3 -127 -127 -127 -127 -127 -127 -127 -2 1 -12 65 -127 127
-127 -127 3 -127 -127 127 127 -127 127 -127 -11 127 -127 125 -127 -100 -127 1 -4 -13 -9 -127 -127 21 -127 -127 -77 127 -127 -127 -1 127 -127 -127 -127 5 -127 91 0 2 3 -53 127 -127
-127 -127 -105 -127 -127 127 -127 -127 127 -127 26 127 -127 -127 -127 -1 -127 -8 6 -8 22 -127 127 -33 127 127 -127 -127 127 127 -2 127 -127 -127 127 -127 -30 48 0 -5 -4 -38 -78 -127
-127 127 127 -127 127 127 127 127 -127 127 -19 -127 127 127 127 127 127 4 0 -27 -21 -127 -127 127 -127 -127 -127 -127 -127 127 -4 127 -127 -127 127 -127 127 -110 1 6 6 -6 -127 127
-127 -32 -127 -31 -127 80 -43 127 -127 42 3 -127 -35 -76 -76 -107 -14 -2 1 -5 15 127 101 -127 127 -127 -46 -11 127 -127 0 127 -127 -127 -127 -127 -127 -127 -2 1 4 -57 127 -127
127 -127 127 127 -127 127 -127 -127 127 -127 9 -127 -127 127 -127 127 -127 4 0 -13 11 -127 127 -127 -127 -127 -127 127 127 127 -6 -127 -127 127 -127 33 -127 -16 2 0 2 -23 -6 127
-127 -127 68 -127 -119 127 127 -127 -127 55 6 -71 33 127 14 69 51 -1 2 3 41 -127 127 -8 -127 -127 127 -127 -127 127 -3 -127 127 -6 -32 -127 -127 -127 -1 -2 -1 -8 -127 -127
127 -127 -90 -29 -127 127 -36 -127 -127 -36 -3 -127 -127 -14 -127 -127 -127 -1 -1 -27 -21 127 -4 44 127 -127 -23 99 -127 -127 -2 -127 -127 86 -127 -127 -119 -127 -2 -1 -2 -56 -127 -127
-127 127 -127 127 -19 95 -127 127 -127 -127 -25 -127 114 127 -127 127 -127 4 6 -2 -2 -127 -127 51 -127 -36 127 126 127 127 2 67 127 -127 -64 127 -127 127 1 3 2 -30 -127 -127
-127 -127 26 127 -127 127 127 127 127 127 -25 -127 127 7 127 127 127 0 3 -26 -22 127 127 -86 -127 127 -127 127 -127 127 1 -127 -127 127 127 127 127 127 2 -6 0 31 -127 -127
-127 -127 127 -127 -127 127 127 127 -127 127 -1 66 127 -56 8 -127 -57 4 0 -5 14 -127 -127 87 -127 -127 127 127 -127 66 3 49 127 127 42 127 17 127 0 -4 -5 17 127 127
-127 127 -127 127 -127 127 -127 -127 -127 -127 12 127 -127 -127 -127 -127 -127 -2 -5 -13 -3 -127 34 -127 -127 127 -127 127 -127 -127 -2 127 -127 -127 -127 8 -127 -15 -1 4 -2 23 99 -127
127 127 -127 127 127 -127 127 -6 -127 127 19 -127 127 127 127 127 127 2 -2 24 17 -127 -127 75 -96 127 127 127 127 -127 -1 -107 127 127 -69 127 -34 127 -1 2 -4 -19 -127 127
-127 115 -127 69 127 16 -103 -127 -127 -127 -28 -127 0 -127 -127 -127 -127 -3 -4 12 -18 -127 24 127 16 -107 120 -127 69 -127 1 -127 127 -127 127 127 127 127 0 1 -2 28 -127 127
-127 -31 127 44 -127 127 -74 -34 -127 127 8 127 -46 84 127 127 -21 1 -2 11 5 -127 69 -127 127 127 78 -127 -21 -127 -1 83 -127 12 -127 -127 28 -127 -1 1 0 -19 -127 127
-127 -127 127 -127 -127 127 11 127 127 -27 1 127 -111 -127 -127 -127 -65 0 1 -10 12 -127 29 127 -127 -127 -20 127 127 -127 4 126 127 37 62 -55 -28 37 0 0 2 -20 -56 -127
-127 -127 52 127 127 -107 127 -127 -127 -96 1 -127 -127 -127 -127 -127 -127 2 -1 -16 -4 -127 -127 14 127 127 -71 -127 127 127 7 -127 -127 -127 -127 -127 -127 -127 1 -7 -11 86 -127 -127
-127 127 127 -127 -127 -127 127 -127 127 -127 -16 127 -71 -127 127 112 88 5 -5 -45 -46 127 127 -127 127 127 -127 127 -127 127 4 -65 -127 127 -120 127 -50 89 1 -3 5 -31 127 -127
127 127 127 -127 127 127 -127 -127 127 -127 15 -127 -127 127 -127 127 -127 -4 -4 4 -11 127 127 -23 127 -127 127 -127 -127 127 -4 -127 127 -127 68 127 127 127 -2 -2 7 39 -127 -90
127 -67 127 -127 127 -127 -127 -127 127 94 16 127 -115 127 7 -59 106 0 -1 -5 2 -127 127 127 127 127 -127 -127 -127 127 -3 127 127 -127 -56 -71 -114 0 -1 8 6 -27 127 127
-22 127 127 127 127 -127 -127 -127 -127 127 -14 127 127 127 103 127 99 -2 -11 22 6 -127 127 -127 -127 127 -127 -127 127 -127 9 -127 127 127 -123 127 16 127 0 5 -5 0 -61 127
127 -127 -70 127 -127 127 127 -127 -127 -127 1 -127 -127 127 -127 127 -127 8 -4 -3 -49 127 -53 112 127 127 -127 127 -127 127 3 -127 -12 127 127 -127 127 -127 -1 12 -1 0 -127 -127
127 127 28 -127 -127 -127 -127 -127 127 -127 -21 127 -127 -127 127 -127 127 -3 8 11 -20 -127 -127 -75 127 127 127 127 127 127 0 127 -127 127 127 17 127 43 1 4 -8 57 -127 127
127 127 -127 127 -127 -127 127 -127 127 -30 26 -127 -127 -127 -76 44 38 -6 -4 4 47 -127 10 127 -127 127 127 127 -127 127 2 127 127 -74 -127 -127 -127 -127 3 -4 11 74 127 127
-127 127 -12 -127 -127 -127 127 -127 -127 82 -8 127 127 -127 48 127 -127 3 12 -5 -37 -127 -127 24 127 127 127 -127 105 127 2 -127 -127 19 127 127 127 127 4 1 -10 7 -127 -127
127 77 21 -127 127 -127 127 -107 127 73 -12 127 92 -127 42 127 -37 -3 2 4 -14 -127 127 -32 127 -79 -127 127 114 127 -1 -126 -86 85 102 46 16 -20 0 2 1 -5 -127 127
-127 94 -24 -127 -127 -127 127 -127 127 -127 -7 -127 -127 -71 127 127 101 0 4 0 -4 -127 127 -95 127 -103 -127 -127 -127 127 -5 127 -127 -127 84 23 53 93 -1 5 5 50 127 127
127 127 127 127 127 -107 -127 127 -127 127 19 127 127 127 127 127 127 10 5 -33 14 127 127 -127 -127 73 -58 16 -127 127 -5 -127 -127 127 -25 127 -81 127 -2 7 -6 -65 127 -127
-127 40 19 -127 -127 -127 -127 -127 -127 127 -9 127 -127 127 127 127 127 -1 6 6 -3 -127 127 -22 -127 -127 127 127 -127 127 4 127 -127 127 127 127 127 127 1 -3 -2 -15 58 127
-127 -127 -25 -127 127 127 -127 -127 127 -127 17 -127 -16 1 -91 -127 9 3 -4 18 -50 -127 -127 -82 127 -127 127 -127 -127 127 -1 -85 -127 28 3 -38 62 127 0 1 2 57 127 127
-127 127 -127 -127 127 -127 127 127 -127 127 19 127 127 -125 85 127 100 -6 16 -4 -14 -127 127 127 127 127 -123 -127 -13 127 -5 -127 127 127 127 127 -33 17 -2 -7 6 -52 -108 127
-127 127 127 127 127 -35 -127 -127 127 127 3 -127 127 -127 -127 -127 -127 7 -6 -7 -14 127 127 -127 -127 -127 -127 -127 -127 127 3 127 -127 127 -127 127 -127 127 -3 -1 -8 -5 127 -127
-127 -127 -114 -127 127 127 127 -127 127 127 10 -127 127 127 21 127 53 -1 -2 7 24 -127 -127 14 127 -6 127 -127 -127 -127 -2 -127 -127 127 101 127 39 26 0 6 5 -23 46 -127
127 51 127 -127 -127 -127 -127 109 -127 127 16 127 127 127 127 127 78 -4 -4 3 -22 127 -127 127 -127 127 127 127 127 -127 -5 127 127 -127 -127 -23 -127 -127 -2 -2 -9 -1 127 -127
127 -127 -127 127 127 127 -127 127 127 127 -27 -16 127 -20 8 13 11 -6 -3 -3 4 -127 -127 127 -127 127 127 127 127 -127 0 -127 127 127 127 127 127 127 1 6 2 -37 -127 127
-127 73 -53 127 -72 -84 28 127 -60 115 2 -127 127 -28 44 105 15 -1 1 8 -3 -127 -47 -46 80 127 112 127 -20 -127 -1 -127 -127 127 40 87 17 8 0 0 -2 -34 -127 24
-127 -127 78 -127 127 127 -127 -127 -127 -127 -11 127 -127 8 -127 -127 -21 2 0 -23 5 -127 -127 -78 127 -127 127 -127 -127 -127 6 127 -127 55 -127 -41 -127 -127 2 -5 1 38 127 -127
-127 127 96 -127 127 47 127 -127 -127 127 -4 -127 127 65 -115 127 -127 -3 1 3 -45 -127 -127 -83 127 -7 -123 -127 127 -127 5 127 -127 -127 83 127 127 127 -2 4 8 -65 -127 -127
127 127 1 127 127 -127 127 127 -127 -127 52 -127 12 -127 127 127 127 4 2 -10 -33 127 5 -74 -127 -127 -127 -127 -127 -127 0 127 -127 127 127 -127 127 -48 1 -2 -4 86 50 127
127 -127 127 -127 127 94 -127 -88 -25 -14 11 127 85 -127 39 120 19 -1 3 2 -2 -127 -127 127 127 -127 -127 127 -127 -127 5 127 127 -69 -44 127 59 -60 -2 3 2 17 3 -127
127 -21 18 -91 -127 110 61 -127 127 58 15 127 -3 -104 57 -116 -36 0 3 10 7 -127 6 -6 -127 -16 6 -59 64 127 -1 -10 -127 -61 38 8 39 -52 0 7 -6 -21 127 127
127 -127 -28 -127 -127 97 127 -127 127 127 12 127 -127 -127 81 -127 -54 -1 2 9 -14 127 -127 -26 127 -127 127 -127 -127 127 5 127 -127 -127 127 45 89 -98 3 5 1 40 127 -127
-127 -127 -127 -127 127 127 -127 92 127 60 -13 -127 115 127 -11 -127 -127 -4 -1 12 10 127 127 127 -127 127 -127 -127 127 127 12 -9 -127 64 127 121 34 127 0 -5 -9 -8 -93 -127
-127 127 -75 127 127 -127 127 127 -127 -127 -4 127 -127 -127 -4 -127 -125 3 -2 -6 -24 -127 127 -127 -127 127 -127 127 127 -127 2 127 127 127 117 81 -127 79 0 -3 8 15 127 127
-127 114 127 -59 127 -127 -83 -127 127 127 5 127 127 127 -88 127 -83 -1 -4 -3 10 -127 27 -127 127 -127 50 -127 127 127 -1 127 -127 -127 -127 -42 -127 -127 0 6 3 26 -127 127
-127 -127 95 -127 127 127 -127 -127 127 -127 5 -127 27 127 -127 126 -127 3 9 1 9 127 -127 -127 127 -123 -127 127 -127 -127 -5 127 -127 -127 -127 127 -127 -40 -1 -1 5 -20 127 127
-127 41 127 -127 127 -127 127 -127 127 -127 7 127 -127 127 -127 127 -127 -9 3 22 -40 -127 5 95 -4 127 127 -127 -127 127 -6 127 127 127 127 -127 127 -127 2 11 -2 117 -127 -127
B
128
6 -11 104 -59 25 -246 53 -68 3 -27 -75 21 -56 -16 -45 -1 20 -137 -200 -19 27 53 54 -166 192 40 47 -214 -11 28 -42 -344 -168 41 4 -46 9 6 -89 44 48 -30 8 53 -74 63 19 -83 -43 -38 -413 -60 39 -68 65 1 -31 -74 72 186 75 23 -3 12 93 -282 31 23 -69 -151 19 18 -120 47 -87 -8 51 12 1 2 -93 32 -1 12 111 24 33 38 8 15 3 -85 23 0 4 17 -76 246 -6 -41 17 90 -24 0 -7 125 -36 9 -335 5 81 -132 -31 79 -58 -34 31 102 100 26 -1 -18 -95 52 -28 -18 30 -116
W
64 128
47 -94 24 -55 -38 113 -6 -18 103 -2 -13 30 -56 -45 30 -54 26 -3 -126 1 2 -2 -3 124 12 -78 -127 122 2 -11 10 -43 20 -43 26 11 8 4 2 -126 25 -4 -33 -17 10 -16 27 -83 38 -2 -127 109 -98 -82 -124 126 58 91 59 123 10 97 43 -33 42 106 -2 114 -7 0 -28 127 -57 -63 125 59 5 58 -114 -64 34 75 34 9 60 -127 -4 -2 -121 42 30 -19 -39 -4 7 25 6 7 -22 49 6 7 -28 -39 -121 5 -3 -25 73 8 41 -34 88 2 -58 26 -5 49 33 -28 26 6 84 14 1 36 10 123
-28 -106 27 90 20 117 9 0 -123 -19 -16 32 20 45 4 -34 52 79 0 -6 13 14 1 -122 9 -125 124 80 119 -3 15 117 17 1 14 -13 -123 3 -21 -23 91 11 20 21 -32 -13 5 73 12 -15 -81 -42 27 -13 -122 11 119 19 41 120 -12 126 -127 -15 -127 21 -59 122 10 -126 -94 126 5 -47 16 44 -13 22 -60 106 4 -4 17 -19 62 -77 20 -127 -123 -20 -24 -41 -6 -2 19 -126 27 8 -118 35 31 -54 10 125 15 25 -6 3 7 35 32 -9 -60 38 65 68 -21 10 -6 -5 123 0 16 99 -42 22 29 121
21 -9 20 32 -123 0 -3 -8 -11 19 -32 36 -26 -30 -11 12 -1 -39 7 8 -36 -20 9 60 4 21 2 -8 -13 11 -54 -36 -5 -4 37 96 -4 -17 9 7 50 15 -126 13 -9 26 -88 -57 -46 127 9 53 38 -126 -4 -2 14 -88 -3 16 26 88 -2 7 2 -19 -10 13 39 -1 -8 11 -28 110 50 -36 21 -1 -4 -19 8 24 25 -13 9 9 -7 -122 -24 -29 4 6 -14 3 -24 -41 -125 24 -37 22 -60 34 -40 -21 -20 22 -125 16 27 -13 2 -11 -5 2 -11 48 30 6 22 4 11 -5 -5 11 28 -3 -36 28
-1 -19 39 -3 -12 6 -24 16 -26 11 -21 59 3 -19 8 31 -10 0 -9 11 0 43 8 -32 10 -6 5 -5 -8 -11 72 -37 -28 1 -8 -52 12 12 3 22 -86 -16 -4 1 4 24 -8 37 4 -12 11 -25 9 -116 -17 61 11 32 -15 -54 17 25 15 11 -5 10 -3 13 -63 29 -3 22 8 -35 -116 16 3 21 11 -17 -21 -1 -56 -5 31 -9 6 -22 -18 13 13 9 -5 -3 -32 19 127 -23 13 -6 27 54 10 -15 -1 22 17 -24 -8 -27 75 -3 -6 27 -53 -28 5 -5 16 -7 -9 -18 5 0 -66 -10 -8 -18
-8 -11 -2 4 -7 -2 9 -6 -9 -17 4 -2 1 -1 3 2 1 -8 4 1 -9 -9 -8 -9 0 -9 -13 -4 0 -4 -4 -8 4 -13 -6 -4 -1 3 -9 -6 -7 2 -7 1 1 -7 -12 -10 -7 -1 1 -6 -6 -7 -5 -5 -2 -2 -8 -6 -4 -4 -11 -2 -9 -2 -11 -10 -1 -8 -12 -1 0 -1 5 1 -7 -9 -1 -8 -5 -7 -5 -3 -7 -9 -2 -1 -2 1 -2 -4 -9 8 -16 -9 -7 -5 -10 -8 -9 -10 -7 -1 -4 -5 5 -4 -2 5 2 10 -13 0 -10 -5 -3 -9 -9 -6 -7 2 5 2 1 -11 -2 -3
25 -13 -25 -5 -2 12 16 18 -5 5 -16 -30 121 -18 25 -12 -6 -31 4 26 -7 14 -5 -78 5 5 8 20 -3 0 -39 -38 -48 2 -125 -18 -3 17 -35 115 -6 21 -13 8 -12 32 100 -10 -8 -44 10 -114 27 1 -22 -3 8 10 -7 -7 28 -51 -5 19 6 28 1 7 -93 -21 -6 -4 -31 -73 -18 -127 0 10 7 -1 -57 4 40 6 -26 -5 6 -93 -40 -26 13 22 -32 3 -25 24 -76 11 -12 4 -36 65 1 -18 7 42 -125 -7 -1 7 -16 -10 8 35 -24 8 -49 29 28 -1 -15 6 0 111 13 -11 -12 -26
119 6 9 7 34 4 -11 9 -73 -15 11 -64 -57 7 -5 -28 -37 -90 -4 -1 -28 3 -2 -125 10 -12 -127 -6 -29 37 -6 55 19 9 -5 -15 -120 -9 14 5 21 -39 -12 6 -127 -7 125 18 27 -79 -1 -14 25 -75 -124 -1 -1 126 12 104 -3 127 -6 -8 -119 -124 -9 -63 82 4 -19 -10 41 117 126 124 2 -12 -75 -81 -42 -16 22 4 7 -13 -16 -2 -48 -15 -1 -52 -25 20 25 -25 125 -1 -6 26 -8 -82 1 -29 12 -3 79 -49 4 -4 -18 -42 -76 24 8 -5 -99 14 1 -11 -13 11 -6 -23 15 17 -9 68
-7 -12 -8 -18 124 -20 22 25 -103 9 14 20 -11 7 13 -49 -25 -6 3 -13 96 11 8 30 1 5 2 -5 -16 30 -11 -7 21 10 -124 -46 -31 -20 104 -118 -49 69 19 -21 -4 -7 29 -6 41 -44 9 -29 -14 26 -6 34 20 -126 15 -2 -12 -111 -9 0 9 -17 6 24 -15 12 31 1 -95 91 -124 125 21 13 58 20 66 -15 17 34 45 -50 0 2 -20 -5 28 -68 -32 0 -67 40 -6 -4 1 7 -54 -9 1 -2 24 4 105 -33 -4 -6 -78 5 0 65 -80 53 -38 104 23 8 20 12 -5 47 75 24 -10 0
-125 -43 48 18 -24 20 -50 -43 -125 2 40 -70 52 0 49 -39 70 114 3 11 22 -10 -1 60 -49 -30 -8 3 -18 -26 -117 -124 -2 -10 46 58 12 -6 6 9 -25 -57 -127 17 30 10 124 -34 10 50 -1 53 -17 -57 -83 -4 -15 -17 3 0 22 -27 -5 4 -126 -102 -3 -126 -4 -12 1 -43 19 -78 -126 90 3 -60 -27 -72 119 -30 22 -4 24 -73 22 -49 -123 2 28 -104 -8 23 27 -43 -126 -1 -2 -71 -12 22 -127 -12 5 26 -127 10 4 3 -3 -22 -49 63 32 26 -27 -44 13 -11 40 20 8 36 21 -9 -18 -125
19 -21 -20 -14 -72 3 -1 6 6 0 -20 -1 41 -2 2 2 -8 1 1 14 2 28 10 0 5 -4 -11 -11 -15 -7 -73 -53 -34 2 -21 -26 19 1 13 -14 11 11 -71 7 1 13 -127 4 -26 -2 11 -24 11 -8 -10 21 0 35 -1 -4 -8 -127 14 22 3 11 -2 7 84 -6 8 6 1 -92 -126 21 2 18 9 -9 -7 -3 -3 1 10 -6 4 -37 -30 -16 18 13 -31 -9 -13 30 -93 -21 -27 -5 -8 12 12 -2 20 4 -25 5 -1 6 -30 -13 3 22 -2 -5 35 12 18 0 -14 16 3 84 6 10 -15 -26
81 -17 27 2 58 13 44 -36 -23 -8 37 -38 44 -20 -39 10 8 -38 -7 0 19 -4 -2 6 23 31 -7 24 -18 64 -22 -35 0 -8 51 -10 -43 13 19 63 -12 10 -4 -1 20 12 38 -18 -11 -5 -4 119 -30 -118 -51 12 5 -54 15 14 26 43 -19 0 20 -28 10 3 -127 19 -29 16 11 -116 -127 -127 3 62 -5 -40 -127 -37 -34 -5 -40 2 -19 -98 -10 44 -18 9 -17 -33 2 14 53 2 19 32 0 63 -17 -5 110 -15 -17 5 20 -2 47 19 -12 35 4 -51 -6 -52 13 -6 47 -54 -4 -20 -16 0 10 -22
92 26 62 96 -6 -101 8 -23 -120 -15 -121 -94 8 -32 31 -20 18 13 -1 -29 51 -13 12 103 -6 -12 -70 29 -36 -14 -47 -73 -12 52 20 32 -13 74 -32 -56 -4 -69 55 -17 17 17 95 -65 -39 38 37 11 -44 -7 -91 16 8 -86 0 74 0 116 -40 14 -125 -99 -35 -122 5 15 21 -125 -14 -104 125 89 -1 22 -57 14 126 -35 21 -62 53 -61 -33 -58 -26 -8 5 26 0 -27 43 -108 -106 -4 58 -120 6 -16 121 -7 32 26 -114 -27 -13 -97 34 21 -77 40 -111 22 -10 19 1 33 126 -7 52 127 -12 1 -5 -118
6 0 -30 11 -12 22 -19 -6 -21 -28 6 -85 -21 18 22 -35 2 16 -8 -16 35 -12 5 47 -26 10 -14 -4 2 22 36 -33 16 -34 -126 3 -91 19 -8 -81 -22 21 -2 12 -85 -20 38 -1 3 69 -11 -51 -16 -9 -16 31 -13 -126 52 -31 27 92 -5 -11 -125 -81 -7 99 -120 -1 -4 -21 -1 -47 10 123 3 -17 -73 29 -27 24 19 -5 -7 3 4 100 -15 -1 1 -125 23 -5 17 -83 25 -5 -7 13 -25 38 -49 -2 -22 4 70 -47 -14 11 7 -11 -77 14 14 34 -37 -28 23 0 33 2 -21 -39 -13 6 10 119
32 -19 40 25 98 -29 -7 -87 -21 -22 14 -30 -33 15 -15 -9 -10 -57 -1 1 11 5 8 -49 28 -15 -1 -3 -40 13 15 46 -7 -27 -20 -66 -123 -2 5 -125 -21 -20 7 3 -127 -36 -126 15 22 66 -15 -22 13 23 -17 -29 -15 47 2 117 -22 46 -2 -25 -7 115 7 21 125 4 -1 16 34 78 -15 106 1 -4 -55 20 -86 -8 24 5 21 6 8 30 -17 13 -1 -127 9 13 19 37 9 8 -11 -123 18 -41 35 28 -18 -23 31 -123 5 -3 2 16 -28 33 30 8 43 -23 6 6 3 9 -38 -2 3 2 -7 64
-125 1 25 39 11 -6 -10 28 -46 -9 21 -100 -1 5 15 -14 -11 29 -6 -26 -14 3 -5 125 -14 6 -61 -12 36 18 29 73 6 -19 1 -25 76 -17 0 -7 7 -30 0 0 -72 -17 -22 -21 17 -91 1 -32 13 -41 -126 -24 9 123 11 6 -126 -123 -6 -8 -69 68 -1 71 65 4 -12 14 34 116 -122 108 1 12 -101 -41 -127 -11 31 15 14 -28 -6 3 -26 -8 -3 -30 -20 -16 24 12 79 11 -8 82 24 -74 6 26 -10 2 -127 -108 10 10 -35 -76 -127 -17 35 -4 17 -48 9 -9 -25 12 4 -30 40 -3 -13 94
3 -22 18 34 -42 -5 -9 -6 11 -41 -24 57 -53 -8 30 8 6 -25 -13 -18 -6 -11 -17 125 -15 -8 17 79 -7 -6 65 -125 -54 -16 19 -44 38 38 63 -66 54 40 -44 -114 -37 -3 127 -28 -61 72 3 11 21 -25 -16 33 15 -69 -13 91 17 -33 12 15 11 -127 24 -127 66 1 45 -52 -8 64 34 -2 11 9 -6 14 40 13 9 -42 45 -6 -71 -49 -46 -2 4 12 6 7 -10 -78 -89 -5 -26 -15 -7 51 94 -32 -29 -20 -84 -5 -14 -17 -7 52 -80 -39 -13 14 -75 5 15 5 -21 10 17 34 35 4 34 -127
-13 5 -33 5 59 -18 15 -10 9 -21 18 -19 -17 6 -23 0 -13 -7 2 -6 29 0 -6 19 17 -75 12 7 6 0 -18 27 -2 -19 -81 -24 -2 8 36 -53 -21 39 12 -8 -6 -7 56 19 -3 -4 3 -117 -55 -8 -33 43 -6 -126 2 -15 18 34 13 -16 -4 -7 23 9 -127 -5 6 0 -23 12 -55 -36 -38 -7 -3 13 4 -3 -17 4 -21 -1 -23 116 -5 0 -20 -19 -4 -15 -53 -27 -22 -10 32 -63 21 126 -5 -25 3 14 71 6 -33 3 12 32 -31 -32 -17 13 -18 -92 -13 -7 0 6 -13 -50 -2 -18 0 -16
13 -18 17 -15 -125 11 -4 24 10 13 -7 65 19 -14 34 9 13 33 7 11 -38 8 12 62 0 -10 -5 16 -8 -32 -12 16 7 5 26 62 53 15 15 87 30 43 -7 0 126 48 -116 -57 -43 4 13 28 -2 -36 2 3 -1 -97 -9 -40 -31 34 4 20 -1 16 0 9 -46 -7 1 -10 -14 -124 -126 -35 -3 12 -1 5 -81 0 -21 -8 1 9 13 -124 1 -7 14 10 -2 -6 -42 24 77 -35 -33 0 21 12 4 -16 9 5 124 54 -7 -27 -34 22 1 -9 -125 -8 17 -24 0 7 -3 11 4 -20 -2 11 -8 14
2 -8 -6 -5 0 -8 1 -9 2 -6 -4 -6 -5 -3 -7 2 -1 6 1 -2 -3 -4 0 3 -1 -8 -1 -2 -6 -3 -8 -3 -2 2 -3 2 -1 -5 -4 -6 -7 -6 2 -6 -5 0 -8 -7 -11 -9 3 -3 -3 -3 -7 2 -5 -10 -8 -4 1 -3 1 3 -4 -9 2 -5 -14 1 -8 -1 -4 -8 4 -13 -4 -11 -11 -6 0 1 0 -4 -3 -12 -2 -5 1 -3 -7 -9 -2 -12 -18 -4 -11 0 -3 -2 0 -5 -2 -7 -3 -4 -8 -2 5 -5 0 1 -5 -6 5 -10 -6 -6 -10 -10 -8 -11 -2 -1 -4 4 -6 -4
-94 -36 59 38 -28 9 -39 -58 -108 -9 18 -64 12 0 66 -22 72 126 0 -17 35 -20 -4 69 -27 0 -76 20 0 -27 -118 -125 -9 29 83 58 -10 -9 18 17 -13 -58 -125 -5 21 14 -124 17 16 72 -14 89 -33 -45 -59 -6 6 -37 -2 109 46 3 -15 2 -100 118 -13 54 -6 -13 9 78 36 -126 -125 74 7 -39 -5 -29 74 -40 33 0 24 -101 7 -55 -99 2 8 -71 -8 -15 29 -19 -122 4 11 10 9 -4 -64 110 1 -2 -112 10 14 3 -41 -27 -48 83 9 17 122 -54 2 -8 42 18 20 33 27 -7 -72 26
25 14 -84 9 2 9 -7 -34 25 1 -6 20 -42 -34 -77 -5 23 -25 -10 25 -33 -16 29 85 25 16 -5 -35 -11 -17 58 22 -13 -15 4 -2 21 -85 40 -116 -86 38 -1 -11 11 39 71 -9 -12 -76 -12 -37 3 -22 2 42 2 49 -39 96 -45 66 -4 -20 6 -28 -8 -13 -2 24 -7 5 44 -37 77 127 4 14 -7 -16 66 -18 1 5 -1 14 -25 125 10 -35 -40 7 -2 -35 2 -86 69 48 -29 12 8 44 3 -58 23 -16 74 73 40 9 20 30 -15 -9 0 -29 -30 -59 -10 -12 -120 -1 -45 -125 93 21 7 117
13 -26 -17 3 -19 5 -122 -127 127 -9 -25 13 -83 9 2 -67 -90 -126 -15 15 16 -6 -1 98 -4 -1 -12 -19 -11 -31 21 -68 -1 124 -1 -5 -16 2 11 25 22 71 -122 -2 8 7 81 55 31 38 -16 22 -50 -14 13 -126 18 50 1 22 2 126 -1 9 31 26 1 3 29 -11 -64 -4 -9 22 125 30 39 22 -28 74 17 -2 22 -16 2 -118 -4 -9 -4 -1 7 -21 14 -14 -85 -47 -29 3 -3 13 0 19 -10 18 -2 29 58 12 26 3 100 -124 20 -9 -106 38 -56 43 21 3 24 -39 -9 34 35 6 -21 13
104 10 42 25 -27 124 11 0 54 68 15 124 -58 33 -96 -66 -85 -127 -9 -44 -123 -31 -6 124 21 -85 123 41 105 103 33 48 10 -12 22 79 -38 22 -24 -46 106 -14 44 12 -98 -38 126 -19 19 31 22 -19 33 56 -31 -39 91 42 4 -76 -112 126 -75 29 -54 71 18 126 -19 -36 -42 122 14 61 125 -10 -37 -3 -124 124 -13 -58 -33 16 55 -36 -1 58 -104 25 -25 -8 6 -16 24 -82 19 -37 -18 -73 18 -81 5 88 7 34 59 -34 -3 38 45 -11 -123 -33 13 -8 -79 -79 17 -25 20 -50 -8 37 1 6 48 69
8 -57 7 -17 3 55 -101 -9 11 0 -31 23 -33 -26 56 -52 75 -127 -13 -8 -6 10 15 -37 -16 -39 6 45 -8 -38 52 -31 -63 25 41 13 -25 -20 -6 -125 -12 45 -4 -12 -53 -5 91 -3 -8 -39 -32 -27 3 12 20 105 -29 4 31 64 23 -126 19 35 34 17 -3 -65 -15 -4 -45 29 -23 22 -62 109 14 43 13 21 45 -52 -26 -11 -48 -13 -56 16 -70 -41 -28 47 -31 -1 0 125 -32 20 -3 49 22 36 -19 -51 5 67 -30 7 -17 -12 -27 -29 -21 5 -126 -60 -15 -43 10 9 -7 11 -48 23 -1 12 -7 23
-126 3 8 -7 13 2 -2 13 14 2 0 -38 -125 -9 127 0 -3 34 0 -18 12 -1 -12 126 -10 -26 3 -7 13 -3 92 33 3 3 -13 9 10 -49 -42 1 9 -7 -9 -6 -30 -8 -47 7 -11 -31 -125 -22 3 -10 -112 -5 1 28 -1 -51 -5 -125 1 -9 -3 34 -2 -119 -70 -7 -10 7 1 47 -125 39 -3 -17 -14 -9 -83 -30 7 4 -4 5 -3 67 -27 1 17 -8 2 -23 -18 9 6 15 -6 -126 21 -21 -51 19 -22 15 62 -12 -20 0 -8 -4 -29 0 126 7 -127 -6 11 4 -35 -123 4 -79 2 -10 -5 -122
-9 -6 7 -9 27 2 -23 7 33 13 -26 16 19 2 -10 -4 9 1 11 9 -125 -4 6 -51 -16 20 16 -42 -34 -22 -3 -125 -25 24 -2 2 9 2 47 8 -50 2 4 -33 17 1 3 -32 -10 -15 4 15 46 7 1 -12 11 -39 12 -55 -8 -4 9 -7 6 42 -127 -8 0 -14 -10 6 -45 63 -126 -53 4 12 16 -8 39 -7 -17 -36 56 16 0 -61 3 -13 -12 -2 0 -7 -18 -54 21 -17 -4 14 11 6 -16 -26 -11 -20 -14 1 -4 15 -7 -6 -25 -17 61 -11 -2 11 0 15 -42 7 1 -20 16 103 -10 4
-16 30 -20 0 61 -3 24 67 -1 -36 -13 3 6 14 -1 -127 -3 -7 -6 -4 47 -3 3 35 -4 1 12 -3 11 7 -17 5 7 -5 15 4 19 -25 6 28 -2 -127 9 0 -93 15 45 -6 -103 -27 -29 40 -5 16 8 56 -30 -112 23 23 -25 90 -1 -31 6 -102 -14 -25 17 5 -11 -11 -21 24 31 16 7 -19 -12 -4 50 -10 -25 12 35 5 -2 34 -7 18 -18 28 -5 5 106 -61 -31 10 13 9 0 -67 -2 -32 -15 12 43 -3 -32 30 30 0 -8 3 39 16 -4 -20 7 -7 -126 -3 -27 125 -6 -21 10 65
-22 22 4 6 43 -7 11 20 31 18 10 51 16 3 23 -65 5 12 4 7 -47 2 -13 84 9 -32 -1 -11 -12 29 14 15 -13 9 17 -27 -16 6 -4 -25 64 -36 13 -7 -126 -1 -114 11 -108 -127 13 14 48 -6 -29 55 15 49 -8 -124 20 -85 15 -8 -5 -2 5 17 44 -5 0 7 12 121 -38 -124 -3 -2 -33 1 -2 12 1 4 12 24 -4 23 3 6 -44 -3 -1 8 20 -50 24 -28 31 20 14 -64 -6 2 -3 -3 -124 -6 -16 -2 -4 -1 -68 -22 23 19 51 -22 -20 21 16 14 1 96 -45 -10 -9 44
3 -2 0 -3 3 -5 -6 -7 -4 0 -3 -3 -5 2 -3 2 -4 -3 -2 -4 -3 -8 -6 1 -7 -4 -4 -7 -4 0 4 2 -4 -5 -8 -2 4 0 -6 -3 3 -2 -4 -1 -8 -7 0 2 -5 -1 -2 -6 -1 -1 -8 -2 -5 1 -4 0 -3 2 -2 -3 0 -2 0 2 -5 0 2 -4 -4 -1 -7 -2 1 3 -2 -4 -2 -6 0 -6 -4 -8 -5 -6 -9 -5 1 1 -2 -2 0 -6 -4 -6 -4 1 -4 -1 -4 2 -6 0 1 4 0 -2 3 -3 0 -4 1 -8 0 0 -3 0 1 2 3 -5 2 -1 -2 -4
-1 12 -60 62 -98 45 -4 29 41 -7 -1 38 -111 -40 -4 -28 24 28 -48 9 -50 -25 22 -103 31 32 9 117 8 -26 114 38 -15 -2 2 92 84 -25 42 119 48 65 -126 -43 21 -6 73 24 -66 124 -110 9 -26 17 11 -73 -73 61 -126 -31 -95 126 -79 -114 -60 21 -10 -34 -24 -11 -1 8 -124 -126 125 99 2 12 -30 18 32 -109 12 -13 -13 2 -125 50 27 -68 -25 -7 -53 -8 15 66 -34 68 -62 23 -22 1 38 -123 -5 74 84 36 124 -126 116 17 -49 -32 12 -71 -36 10 57 -25 -16 9 -47 -98 -86 -6 -110 -28
-126 126 69 -28 37 36 -109 -100 95 3 -34 -70 77 -2 74 -53 56 105 -1 5 16 -39 3 123 1 -54 84 8 -78 -19 37 -122 33 -13 62 -15 13 1 1 0 -25 -47 -126 -9 38 35 -127 54 25 -86 -1 44 9 -21 -55 -2 22 -90 -18 123 11 -106 -17 18 71 -123 22 1 -65 -3 -16 127 -10 127 -126 104 -8 -26 -34 -27 56 -89 25 -3 9 -64 -10 -32 -126 -18 19 -27 -11 -23 -2 -17 50 -26 -15 84 41 58 -68 -2 -18 16 -121 46 -21 -15 -67 -4 59 1 -108 56 100 113 19 -5 11 18 8 49 56 -21 -126 121
-4 0 -6 -5 -1 2 2 -5 0 -6 -1 -5 2 0 -5 -3 -5 -2 1 -3 1 -5 -4 -3 0 -4 -4 -1 -2 -8 -3 -9 3 2 -2 -5 -3 -5 -3 -5 -5 -1 -3 -1 -6 -5 0 -3 -5 -4 -3 -6 1 -1 4 4 -3 -2 -3 3 -5 -3 0 4 -5 -5 0 -9 4 1 -6 3 -1 0 4 0 -2 -3 -6 -1 0 -2 -7 -6 -1 0 3 4 1 1 2 -6 -2 -4 -5 -4 2 1 -4 -4 -5 5 -4 4 -8 -4 -6 -2 0 -6 3 5 -5 0 -3 2 -6 1 1 2 -2 2 3 -2 -2 -8 -2 -6
-1 33 109 1 32 -13 -26 -25 -76 3 18 -22 -84 4 71 -29 1 -4 -12 20 17 5 -2 61 8 22 41 11 -5 -23 95 16 11 -127 -71 51 19 -12 13 -3 -12 -26 -10 -14 -48 -3 21 -22 -40 -47 -4 -85 1 89 25 19 -3 67 9 -7 18 -127 -8 0 -117 23 -9 3 -39 -22 -36 5 29 -111 -127 11 -7 -16 1 -122 -16 -19 -4 0 12 -50 -12 15 -12 -28 -10 19 14 -4 -16 23 -1 -10 -23 -78 -39 101 -3 33 -105 1 -127 -1 18 2 -6 -4 -57 -45 6 35 -28 -41 -3 -10 36 9 -8 5 -98 0 -3 -12
6 -23 -23 -14 -39 -41 -43 -48 13 13 -111 39 -26 9 13 -27 9 27 5 39 0 -2 -3 124 5 4 -6 8 -22 7 31 -124 -30 11 -24 25 6 11 -21 124 8 55 -6 3 15 13 -32 6 -17 5 17 48 14 44 -34 15 19 3 40 -19 23 5 -11 28 4 13 8 -22 -47 16 -8 6 -38 -126 121 29 2 28 36 0 -22 -44 19 16 -24 -17 10 -59 -84 -17 9 16 -42 -28 -34 30 24 -24 4 7 -61 6 6 -49 36 25 31 16 4 -11 -10 6 29 24 22 -6 -18 58 41 14 83 3 12 -4 -7 -7 -116 -52
-6 1 -4 -1 3 -12 -1 -2 -6 -5 2 -5 -4 0 3 0 -4 -1 2 -6 -1 0 -3 2 -1 -5 -6 4 0 -8 -4 -6 -8 0 1 -3 -3 -11 -5 -1 -8 3 -7 -9 -7 -10 3 0 3 -5 -12 -2 2 -7 2 -11 -5 -3 1 -3 -2 -5 3 4 1 -3 5 -2 -11 -7 -9 4 0 1 -4 1 -2 -6 -4 -2 3 5 -5 -1 -1 -7 -1 -1 -1 2 -4 -1 2 -5 -5 -7 2 -2 3 -1 -6 1 -3 2 -11 5 -3 -9 -6 -7 -7 -5 -7 -3 -5 0 -5 -3 -7 4 -4 -4 -5 -2 -1 -8 -1 0
-21 -16 -18 1 -16 26 7 -7 -26 -8 5 -16 -28 15 -40 16 15 26 14 -4 13 5 -5 22 -9 5 20 19 -9 20 58 -12 0 2 -31 123 -36 17 13 2 19 -15 2 18 9 -4 -113 -5 2 124 14 -39 -27 10 -11 -39 -17 -24 37 -38 22 30 -2 1 -16 -42 -4 8 -98 -2 9 -34 -10 -127 45 12 -6 -17 -5 -2 112 -4 -38 -11 -44 2 7 1 5 15 3 -26 4 18 22 -7 -41 -22 4 -24 2 -16 -5 21 -4 -24 126 15 -64 6 34 3 -6 -9 -5 23 17 -19 3 1 10 -25 -2 -89 -21 4 -4 -15
-2 -3 -1 -4 -7 0 -4 -5 1 -2 -3 -3 3 0 -5 2 -4 -4 2 1 0 -7 -5 -1 -1 -3 -3 7 -7 -5 -2 -2 -7 -7 1 1 3 -7 -9 -7 -5 -7 -2 -4 -8 -1 -1 3 5 3 2 3 -8 -7 -1 2 -2 -10 2 -1 4 -7 3 1 -4 4 -7 0 -6 -9 -5 -3 -2 -3 -3 -4 -3 -6 -8 -2 2 2 -9 -3 -1 -1 -4 -3 -2 -1 -3 0 -1 -6 -3 -9 3 0 -5 -7 1 -5 1 -7 0 2 -6 -7 -5 -9 -1 -6 -5 2 0 -4 -8 5 -1 4 -6 -1 2 -4 -7 -4 -3 0
-12 -89 14 6 -34 17 -41 -17 -127 -7 -10 -65 29 -16 44 2 45 34 -3 20 1 9 14 -1 4 -13 47 -43 -75 -22 47 1 -6 -3 2 89 57 -2 28 -49 -89 -53 -9 -1 -19 2 58 28 -13 -54 42 28 -24 1 42 25 -30 49 -7 -122 -11 -125 2 -20 -67 -42 3 -1 -37 8 -28 -25 62 -41 -25 -6 16 1 -69 -124 53 32 -13 -21 14 -41 6 35 27 -9 0 -13 6 5 33 -61 -86 -2 9 15 -66 33 24 47 57 14 -97 32 -35 9 -47 -14 -13 34 -5 50 52 -18 -32 -5 -9 32 4 59 22 21 9 56
105 -127 9 78 52 -2 35 -81 -123 -48 -122 -127 124 -127 -126 94 -126 -127 -23 -16 -124 -107 -125 -109 -127 33 -1 101 -87 -126 126 -75 -126 -56 -106 118 -125 79 94 24 57 -75 37 -127 -127 2 -62 -56 -81 -17 -126 96 30 42 -124 93 -123 -127 -124 117 -124 0 -51 56 -44 71 -1 -127 55 113 31 -126 46 -124 -126 74 -40 50 -14 66 96 123 27 -88 33 90 2 123 -30 3 -83 -125 -7 -73 12 -32 5 -6 -120 -113 -103 -37 -126 -9 40 -30 -127 68 -30 34 30 -72 62 -124 -127 -106 101 -7 62 -29 123 26 58 125 -42 4 -2 -123
-127 3 8 0 6 1 1 3 6 -1 -2 -1 -11 1 -16 -3 -3 2 0 0 1 -3 -6 1 -2 -8 6 -4 0 1 -93 -3 1 -2 -7 -17 -2 3 0 9 8 0 -4 1 -5 0 -4 7 -4 -34 -4 -1 2 -3 -2 2 0 0 0 -3 3 3 1 2 1 -7 0 1 -25 0 -4 -1 -6 -7 5 6 0 2 -4 -7 -16 -2 0 0 -1 -2 1 9 -6 1 6 1 1 -1 -3 8 -1 0 1 0 1 5 1 5 -8 2 -26 -2 7 0 0 1 -3 7 1 1 8 4 4 2 13 -127 2 3 -1 -1 -4 -7
60 -6 23 1 79 1 -17 -59 -23 -1 -11 -82 -35 11 24 -16 17 -10 6 3 24 4 10 -6 24 4 -13 11 -1 6 50 -10 1 -33 -30 20 -11 -2 37 -78 9 3 15 13 -126 -24 125 20 27 -68 8 -65 1 24 -26 1 -8 -62 3 13 -11 115 -6 -7 -4 -22 7 4 -4 2 -6 23 18 -1 31 125 -3 0 -30 12 -60 6 27 11 0 -9 2 21 -39 -2 11 -126 -1 31 10 14 58 19 -4 -102 41 -5 -5 21 -17 5 88 -54 5 -2 10 22 23 47 -11 23 -98 -45 16 -8 26 3 -10 14 1 -19 -7 26
-1 2 -2 -2 -4 -5 -2 -4 1 -7 -5 -2 1 -6 -2 -1 -1 -4 2 0 -7 -3 1 1 1 -4 4 -3 -3 1 1 -6 3 -5 1 -2 1 -5 4 -5 -3 -1 -2 -4 -4 -1 5 -4 4 3 3 -6 1 -3 -6 -3 4 0 -2 3 -4 0 -5 -4 1 -4 0 0 4 -6 -5 3 2 -6 0 -5 -6 -7 0 -5 -3 -2 -6 0 -7 -1 -2 0 -7 0 0 3 -1 -4 0 -4 3 -4 2 -7 -3 3 3 1 -7 -4 3 -2 -5 -1 1 -1 -5 2 -2 -5 3 -1 3 2 -1 4 2 -5 2 -6 -3 1
127 -38 -119 -26 -18 -5 23 10 83 14 -36 -21 -27 -7 -18 -14 -111 -127 -1 32 -24 13 0 -127 1 1 6 4 -127 3 63 -123 11 17 -8 82 -17 -11 6 57 -20 -21 -40 -2 -125 11 10 51 32 126 -18 4 -22 -81 -127 2 3 78 22 120 83 27 8 -20 -66 105 -3 62 -23 -5 -52 16 11 12 72 -53 -6 -12 -53 -103 126 -20 54 -9 -23 8 -9 -36 -94 5 26 6 -30 7 2 -52 -124 5 -19 -25 -18 37 15 -41 12 -10 126 17 5 12 20 -20 36 93 -115 46 -62 57 0 -4 -25 -6 -23 -30 17 10 -34 101
9 19 -25 5 23 3 -5 -11 -53 30 -1 -83 -15 6 -31 -45 -25 34 8 -19 35 3 -8 -31 -15 -53 30 -17 -19 14 75 7 23 -126 14 -35 -32 -8 -1 29 16 -21 22 -4 7 -9 -125 120 3 -117 5 -85 -61 84 22 15 -21 33 -6 10 -89 125 -10 -7 -127 -10 0 4 65 16 22 -33 17 114 18 126 -3 -20 -23 -121 -120 -1 -15 -17 -12 -124 -20 10 49 22 1 -124 16 -14 78 -79 -77 -12 -5 -71 66 -25 19 52 17 34 -123 -4 -10 14 54 10 -45 17 -15 -25 11 -28 -11 -37 23 -3 -22 -23 40 5 -3 16
-3 1 -4 -1 0 0 -4 4 4 -5 -3 -2 4 0 -5 2 -5 -2 -1 2 -2 -5 -7 -5 -1 -6 -3 2 1 -5 -5 -7 -4 -7 -3 -6 3 -2 -6 1 -3 -3 -6 0 -7 2 0 -1 -5 -4 -3 -4 -4 -1 -5 -4 -6 -6 -4 -2 -1 -8 -6 -5 -2 -2 -3 -5 -2 -7 -7 -1 3 -2 -2 -5 -4 1 -1 -5 1 -4 3 -8 -2 -2 -4 3 -3 4 -6 3 1 -2 0 -7 -2 -1 -3 -2 4 -6 -2 -3 1 0 -2 3 -3 -2 -8 -4 0 -8 5 -1 2 -6 -6 -7 -1 -4 -6 4 -1 -2 -8 0
-6 -30 -4 -58 -64 18 18 -51 124 -8 108 36 -92 -19 2 38 -47 -59 3 4 -70 -17 18 126 4 -104 14 42 -48 55 -13 -83 -25 -123 76 47 -33 -17 57 -61 -1 17 -127 -3 24 -22 -53 25 -29 96 -6 73 23 -96 117 -24 28 57 13 90 41 62 -29 -8 3 -6 -18 -69 51 -1 -39 113 -18 -51 127 -11 -16 -16 27 -57 -69 -126 31 -124 25 44 -8 23 -126 -11 23 13 -19 -10 43 -48 -126 15 6 -53 27 -13 -9 63 64 -37 -70 25 18 -28 -44 0 31 -12 2 1 49 46 4 21 4 -14 -4 2 -10 67 -95 119
-65 -4 81 8 25 10 28 5 -7 -14 -18 -19 -19 2 -9 -3 -8 1 6 -15 17 -14 -7 -126 -34 -1 -109 22 -4 42 -46 21 14 -53 -11 4 -121 18 -4 14 21 11 8 7 -30 -2 30 15 5 -4 5 -44 2 -126 -106 39 13 120 16 85 17 -35 7 -8 -61 72 -13 -83 -122 -6 -65 -12 13 94 101 -10 2 3 -1 -52 -126 -33 -1 11 9 2 35 -32 -24 7 18 -15 -15 20 -28 -78 -119 16 -21 -34 -127 25 -111 10 0 4 5 60 5 -22 -9 -6 62 35 19 8 9 43 8 -13 34 -3 -3 25 -15 6 -5 99
38 -66 -7 17 115 -79 -9 1 2 -22 -27 -79 -54 -3 91 1 30 7 0 -12 -53 17 5 -31 12 0 23 19 -1 -36 67 -37 -6 26 -2 -46 -104 -25 -58 -50 21 77 -76 -17 -12 15 -126 -40 57 18 1 -5 21 -127 -24 53 -5 -101 -19 -65 17 124 -24 -3 2 15 -21 -15 22 -32 -16 -9 -18 17 121 -1 16 1 -8 15 125 0 70 36 46 -2 -6 127 -70 3 -10 70 -63 -37 -14 -60 -126 17 -36 6 -8 17 12 30 102 83 6 -69 -64 -6 -7 -29 18 67 -27 -42 84 -40 -54 38 -110 59 -15 24 -37 -27 4 92
16 71 -100 37 -44 -14 -114 -82 -52 22 126 -124 -126 -7 125 -117 47 126 -5 114 111 11 1 127 121 -127 56 58 -73 -86 108 -91 -57 -127 -88 28 55 0 119 102 122 -126 -127 -42 -80 -73 123 69 125 96 -127 -52 -7 20 -125 119 37 97 65 127 30 123 -94 -99 -127 -126 1 20 -126 -9 -127 -18 52 89 -127 79 -77 -115 -123 -21 58 -126 -51 -127 122 -125 -10 124 -127 -9 92 -92 30 -116 104 112 112 -126 -35 48 -126 30 41 122 33 121 126 9 11 20 -35 -83 -10 96 50 -127 122 124 27 -37 75 125 -7 -68 -115 78 -127 116
13 48 -2 -12 -36 61 -127 -126 127 -39 77 -1 -18 22 94 -108 66 123 -10 -60 125 -20 3 -127 67 -107 -12 -42 -54 -113 -8 -39 -1 -127 7 16 88 9 14 40 -42 88 39 -42 -34 -1 -50 109 49 -64 -29 9 52 -68 -122 -121 25 45 24 50 52 -125 -61 1 -36 -127 -103 125 59 -3 -127 55 -79 -32 -38 122 41 -13 -125 120 48 125 37 -65 46 -80 -114 3 -126 -13 21 8 -30 0 -89 33 -109 -59 -9 113 24 18 38 88 39 53 43 69 31 96 78 -115 107 5 -117 61 3 90 82 -7 -16 19 115 106 -8 -20 -78 -56
13 -11 34 20 53 -15 4 -15 17 7 3 99 -19 10 -3 -16 2 -2 -5 -3 7 -2 5 9 5 -87 80 -7 3 18 8 13 -6 -13 28 -23 -36 8 -34 -5 26 -17 -6 13 -126 -18 2 -5 -4 4 -20 -28 -72 1 -10 26 -35 29 1 24 -65 -59 -126 -15 -126 0 45 10 5 -127 12 -20 0 -14 -34 29 -31 -6 24 9 -39 3 17 -11 66 1 -3 -126 36 3 -31 -30 3 -7 4 -125 32 -5 -94 -57 40 -62 -6 58 6 21 13 31 27 0 5 -12 4 29 8 22 13 13 -2 -125 127 0 -41 72 -16 6 9 49
6 -5 16 1 53 20 16 62 57 -5 4 13 0 -2 1 -64 4 14 5 -2 5 -13 16 9 1 3 17 3 0 81 -53 2 2 -1 9 4 -9 9 -19 3 64 28 0 18 -126 1 117 -86 -123 -40 14 -3 20 -16 25 26 -26 125 2 -39 12 43 -18 7 10 -24 11 -12 21 8 -61 -31 -4 125 -26 -109 -4 -6 -11 -4 7 12 27 20 38 -9 5 -74 -12 25 -32 7 20 0 20 18 -8 -3 -14 -3 42 -54 -15 -9 -50 14 -55 -34 -26 3 -91 4 11 -12 -11 -10 -7 -12 4 -14 126 19 -8 28 16 -9 -6 12
4 -12 40 -1 -4 5 16 4 3 5 -13 26 28 -9 -46 28 -4 -8 2 47 -39 26 2 -67 -13 -12 -1 -8 -11 -17 -30 10 -7 14 19 -6 -30 -43 22 92 -39 2 2 -8 -26 27 15 -12 7 66 -29 22 14 -4 -1 -4 -4 62 -57 -126 49 111 -7 21 0 127 8 40 -58 7 -6 -3 -21 -37 -6 -59 -11 12 25 7 55 -1 -20 0 -4 13 15 -38 22 -15 7 -5 -11 -10 -9 3 2 -4 -15 52 52 -58 20 -61 29 17 112 40 -29 9 44 -37 27 25 -10 6 -10 59 -17 -8 -44 -3 16 -21 31 -9 -18 126
-2 11 -16 17 3 -3 36 2 -40 -4 -8 -28 -47 19 -21 -5 13 34 3 -39 37 -13 -8 35 -100 -10 -10 1 -18 29 44 -8 18 -3 15 -93 -72 24 79 1 9 -27 -2 9 13 -8 7 -8 22 14 21 -10 -89 -1 -11 9 -45 -32 25 -127 -68 61 -4 2 14 -62 3 20 -22 3 -3 -44 -29 87 9 -3 -18 -10 -1 -25 3 -1 -1 11 -127 12 2 -20 -3 16 -12 -2 0 16 32 -60 73 -35 4 -29 17 1 -20 -16 -23 -47 122 -55 -65 1 -38 28 -23 -19 33 -20 -4 -9 33 -19 -54 -7 -9 -53 -8 5 -7 -4
9 -20 24 -5 -10 11 -20 4 -11 -4 11 63 -72 -17 -89 -9 5 -8 -1 26 -20 33 25 -66 13 5 15 16 4 -17 103 4 -10 -11 38 -49 5 0 23 58 -26 3 -14 3 51 1 32 16 -80 -110 -34 25 21 6 8 92 -4 -35 -47 62 23 -52 13 6 0 14 -5 14 62 -24 28 -7 47 -38 56 -124 4 -3 7 -8 126 -15 -36 -11 -9 2 -12 117 10 5 1 11 -10 -10 5 40 -74 49 1 2 -22 108 10 -36 17 -10 124 21 28 -17 110 23 -2 42 -125 -2 -28 -3 -17 1 44 -16 -16 61 0 12 -7 95
-7 -21 1 21 -109 -16 2 29 9 -7 -57 21 -49 -1 58 16 17 -16 -35 -5 -107 -23 17 8 -20 43 -23 35 -43 47 120 -20 -30 17 23 43 8 -4 5 60 74 27 4 -23 7 -1 -5 35 -32 51 -4 82 22 -15 7 -27 14 -5 -16 -3 -79 -38 -9 -28 5 -20 -127 -21 12 3 20 26 -51 -23 34 38 -33 16 31 -72 -6 -18 -4 -48 47 18 -1 44 30 5 -10 0 -57 -12 -27 -23 -119 -20 26 19 -34 13 -3 -22 1 18 33 -5 31 -29 -12 -5 24 -45 -84 15 13 -3 35 24 30 -15 -5 73 8 28 -8 11
107 -38 -108 -11 -47 15 16 8 78 8 -21 -71 -61 0 -6 -14 -92 -123 1 34 -15 6 -3 -125 0 -8 -1 0 -112 5 50 -125 9 14 -10 88 -15 -3 -7 37 1 -9 -23 -1 -122 12 125 41 23 112 -6 2 -12 -45 -126 -9 -3 69 17 120 79 97 4 -16 -22 70 4 54 -12 -7 -55 24 14 5 126 -43 -8 -10 -36 -80 106 -8 48 -11 -8 4 17 -33 -79 1 17 14 -30 7 -3 -52 -97 -1 -14 -18 -20 37 3 -13 -6 -6 118 13 4 14 -3 -22 27 77 -113 41 -121 48 4 -9 -1 -5 -16 -15 17 10 -31 125
1 -126 -126 -41 42 -42 -32 31 -127 2 -9 -126 -19 4 3 -29 -6 44 -4 4 -53 23 -48 -8 -54 -2 -126 -1 -6 31 80 10 19 -5 -71 -36 -43 -30 19 23 33 -39 1 -5 -55 3 -123 124 28 -32 -22 5 37 17 6 18 8 86 -14 50 -9 -100 -23 0 -46 4 -3 -12 -101 8 -54 18 -8 -125 -36 -69 1 -18 -14 -100 123 5 -20 -23 4 -12 -16 -40 -14 18 -20 59 4 -22 60 -46 -84 0 37 18 -104 -107 39 -56 25 0 124 -3 9 -69 21 -18 -7 95 -58 18 12 72 6 0 60 -10 -63 20 -9 -16 44 9
-10 -33 -7 27 -44 39 -14 -59 14 23 119 -50 -126 -38 51 -32 -46 36 -127 -5 -122 -5 1 127 27 -44 -65 126 -13 -38 16 49 -106 54 17 3 -3 -15 3 -126 32 54 -57 3 12 -23 49 -14 3 29 -126 60 24 7 -127 73 18 8 39 56 14 -61 -13 15 18 37 -10 13 27 0 28 59 -26 -9 127 7 20 41 8 36 -15 -127 -3 -18 20 1 -15 -23 -115 12 -4 29 -14 -44 -15 35 -19 25 -63 50 35 -13 17 0 -8 26 75 19 23 37 -10 -14 27 -7 71 -22 27 46 64 -1 -5 -2 -2 -6 0 14 -91 124
-94 -68 14 -36 -38 121 -14 5 41 -22 -45 123 28 -82 24 -38 8 -31 -127 -1 -72 3 1 112 9 -73 -126 29 45 2 -91 -32 19 25 32 12 -88 10 2 -127 40 18 -73 -39 -14 -65 16 -17 22 6 -50 92 41 -85 -119 125 88 42 31 127 -43 -55 27 -24 4 81 -3 123 -42 22 -117 118 -69 -43 124 53 4 22 -125 -126 12 55 43 -90 71 -62 12 9 -126 18 -4 -7 -6 -34 57 82 -85 11 3 -14 -3 37 92 117 -103 5 88 0 59 -28 51 -26 111 -15 -75 18 -26 20 60 -2 74 5 -2 41 4 23 54 127
5 -6 -23 18 -83 0 -9 -35 -125 -16 -21 34 124 -10 -9 -16 18 5 -2 8 30 -9 -6 -126 17 -127 -12 -6 -8 -10 -53 26 2 -33 30 59 2 -16 15 -31 -6 32 -12 13 -8 6 -18 1 0 20 -11 21 -122 0 -45 -81 -20 -12 -8 -39 -17 -26 -30 -31 19 21 39 10 39 -36 -4 -31 55 -120 76 -82 -59 -12 15 35 -5 13 -43 9 -41 22 11 0 -15 30 -19 48 -16 -4 -25 -125 -6 -26 20 -40 14 4 -3 39 -29 47 -127 20 -46 3 3 10 -14 -22 15 25 9 28 -7 -4 12 9 -31 7 17 -2 10 29
-6 -21 21 9 24 -9 7 40 -48 -49 14 -30 -55 1 -20 -7 72 52 -4 1 -12 -31 -3 -126 -46 -42 45 8 58 -12 16 2 13 -54 40 -24 -67 57 -10 -23 28 -6 -27 -6 7 -11 52 -33 -22 -56 13 -20 5 23 18 20 -105 46 29 -114 -1 107 -17 -7 -127 -106 19 35 0 -36 -86 67 23 88 -124 -56 -3 -3 10 121 17 5 24 7 -38 18 -7 -10 -38 -12 5 2 -33 44 -1 -40 43 29 -9 30 31 29 -75 56 -27 3 17 4 39 -47 30 -8 -126 -18 -52 7 32 -22 5 -20 50 11 -123 60 7 4 -26 -123
-26 -22 -11 -10 -20 21 -20 17 107 -19 -10 -15 -26 -23 19 -2 66 -60 -16 -2 -29 16 -14 -81 -96 -24 4 22 2 -33 18 -122 -3 13 18 6 2 13 35 51 -29 -17 -5 -87 23 -27 37 38 -54 21 -29 -9 11 -33 27 15 -25 -55 16 92 9 -111 -9 11 -122 -124 6 -124 10 -3 -52 -62 45 -126 27 -2 -22 28 -7 -127 15 -16 -15 -34 9 -9 -126 -8 -20 18 22 32 9 27 -17 4 72 -4 -15 29 35 -21 39 -124 -80 -6 25 -10 -11 -39 51 -7 -125 8 -36 23 -4 -59 9 11 11 -9 -92 126 -105 14 5 -84
25 15 2 -1 -12 12 72 18 52 -20 -78 34 41 7 36 13 36 7 5 -1 20 5 6 12 -22 6 -37 -16 1 42 -23 -8 -25 83 65 -42 -112 -12 -16 -81 -18 26 26 -15 -78 15 -55 64 13 16 -5 -4 -32 17 0 2 -16 -16 -3 97 -32 -118 2 0 -18 11 -10 -17 -37 13 51 -51 24 22 -119 56 -10 17 15 26 93 0 14 19 28 -112 15 67 -33 -14 -18 -2 2 -26 41 -38 -11 15 -47 25 63 -56 -5 14 -13 20 -9 -32 -12 -6 -92 -80 48 -88 -5 -6 37 -65 -19 -1 -127 18 -9 -125 62 11 -15 -4
B
64
-8101 -8064 -3203 2927 -614 -55 -1686 -2002 -3727 465 -3804 -2327 -1528 -219 -2938 2634 4313 3013 -324 -5850 -1816 -8060 -8092 569 3272 -933 282 -2303 -497 -3180 -6690 -622 1290 -1778 -271 2567 -56 -2837 -8042 1145 1118 -401 -1523 360 -252 -3003 -2831 5828 -8121 -4428 -4425 -678 2968 769 785 -4842 130 -688 -8071 -8023 3281 -1918 1700 -4360
W
3 64
125 -127 29 20 -3 9 -39 14 -7 28 -40 -18 -114 0 -9 -9 -30 23 -3 20 18 91 -127 15 -19 27 -43 -54 -3 16 127 -4 -119 29 -4 -15 1 -4 -127 112 -41 -7 9 -43 0 28 123 0 -70 26 -43 -40 23 -19 15 47 61 56 125 126 -61 -66 45 23
127 127 -33 -7 0 -1 80 -1 125 -31 1 21 -31 -40 -78 15 3 -8 -2 -126 3 -120 -126 -10 27 -28 -3 -37 1 -8 34 0 -10 -28 -4 -14 2 -13 127 -109 36 -5 -63 -34 1 -18 -19 10 127 39 -127 7 6 -33 4 -124 99 -10 -126 -126 -23 -3 -17 -20
-127 125 -31 -10 1 -48 -47 -19 -122 -6 30 -13 54 32 91 -2 42 -17 -2 127 -16 45 126 -46 -23 -32 27 35 -8 -23 -127 -9 112 -72 4 25 4 43 -126 106 7 -6 121 31 -1 -119 -125 -3 -127 -76 127 12 -40 26 -15 -108 -125 -93 125 -106 37 14 -97 -40
B
3
-2081 984 2495
